[TA Ascii File]
DSC50

File Name :	C:\EC\Macromolecole2025\Gruppo1\LDPE_scan2.txt

[File Information]
File Name:	LDPE_scan2.tad
Sample Name:	LDPE
Lot No:	
Acquire Date:	25/04/09
Acquire Time:	17:05:48
Detector Type:	DSC50
Detector Serial No:	
Operator:	
Atmosphere:	
Gas Flow:	0[ml/min]
Annotation:	
Pan Name:	
Sample Weight:	4.100[mg]
Molecular Weight:	0.00


[Measurements Program]
[Temperature Program]
Start Temp.	
Temp. Rate	Hold Temp.	Hold Time
[ C/min  ]	[   C  ]	[ min  ]
10.00	140.0	0


[Valve Program]
V1:	0
V2:	0
V1	V2	Direction	Hold Temp.	Hold Time
			[  C   ]	[ min  ]

- Repeat Program -
Init.	Final	Count


[PID Program]
P :	10
I  :	10
D :	10
Temp.	Direction	P	I	D
[  C  ]

- Repeat Program -
Init.	Final	Count


[Data]
Time	        Temp	        DSC
sec	        C	        mW
0.000000	46.401234	0.019297
1.000000	46.389885	0.019747
2.000000	46.382751	0.017066
3.000000	46.378654	0.014017
4.000000	46.364502	0.012646
5.000000	46.359940	0.011193
6.000000	46.348354	0.009556
7.000000	46.344368	0.005689
8.000000	46.345428	0.004768
9.000000	46.362976	0.001842
10.000000	46.368591	-0.000921
11.000000	46.384388	-0.004256
12.000000	46.394913	-0.007592
13.000000	46.407085	-0.011889
14.000000	46.430954	-0.017107
15.000000	46.459385	-0.021977
16.000000	46.485825	-0.027298
17.000000	46.532635	-0.034316
18.000000	46.567028	-0.041540
19.000000	46.614296	-0.048211
20.000000	46.661098	-0.056764
21.000000	46.703098	-0.064806
22.000000	46.754818	-0.073830
23.000000	46.812031	-0.083018
24.000000	46.865967	-0.094436
25.000000	46.920135	-0.103379
26.000000	46.973961	-0.112812
27.000000	47.035969	-0.124537
28.000000	47.092018	-0.134974
29.000000	47.156013	-0.146637
30.000000	47.219902	-0.154679
31.000000	47.287292	-0.165832
32.000000	47.350357	-0.176472
33.000000	47.409790	-0.186417
34.000000	47.490875	-0.197222
35.000000	47.565639	-0.206307
36.000000	47.620396	-0.215434
37.000000	47.698437	-0.226034
38.000000	47.773438	-0.233707
39.000000	47.856037	-0.243161
40.000000	47.919804	-0.250712
41.000000	48.001476	-0.257322
42.000000	48.077293	-0.263235
43.000000	48.161880	-0.270991
44.000000	48.231148	-0.278296
45.000000	48.309422	-0.283903
46.000000	48.378452	-0.288221
47.000000	48.467140	-0.295403
48.000000	48.553024	-0.300437
49.000000	48.628372	-0.305941
50.000000	48.708862	-0.310832
51.000000	48.794277	-0.314393
52.000000	48.888344	-0.318915
53.000000	48.975632	-0.323867
54.000000	49.049110	-0.327673
55.000000	49.147743	-0.329760
56.000000	49.236427	-0.334364
57.000000	49.333893	-0.337475
58.000000	49.417084	-0.339644
59.000000	49.505844	-0.342591
60.000000	49.581596	-0.345885
61.000000	49.676758	-0.348075
62.000000	49.767479	-0.349384
63.000000	49.856327	-0.351778
64.000000	49.952309	-0.354009
65.000000	50.031807	-0.357119
66.000000	50.125217	-0.359370
67.000000	50.228561	-0.361028
68.000000	50.329224	-0.362521
69.000000	50.422867	-0.363442
70.000000	50.511948	-0.365509
71.000000	50.604187	-0.366491
72.000000	50.709290	-0.369724
73.000000	50.797085	-0.370113
74.000000	50.897861	-0.371198
75.000000	50.997696	-0.372078
76.000000	51.105724	-0.373305
77.000000	51.202759	-0.374104
78.000000	51.302013	-0.375536
79.000000	51.399750	-0.376764
80.000000	51.504379	-0.377807
81.000000	51.612640	-0.377644
82.000000	51.717388	-0.378953
83.000000	51.824120	-0.379342
84.000000	51.929688	-0.380099
85.000000	52.026604	-0.381920
86.000000	52.127964	-0.382207
87.000000	52.226757	-0.382923
88.000000	52.334305	-0.383742
89.000000	52.430283	-0.383250
90.000000	52.552696	-0.383639
91.000000	52.660595	-0.383476
92.000000	52.754356	-0.384662
93.000000	52.862732	-0.385194
94.000000	52.968292	-0.385379
95.000000	53.082047	-0.385972
96.000000	53.190075	-0.386361
97.000000	53.289909	-0.386279
98.000000	53.391037	-0.386975
99.000000	53.501987	-0.385522
100.000000	53.620178	-0.386054
101.000000	53.734398	-0.386545
102.000000	53.845695	-0.385542
103.000000	53.957218	-0.385542
104.000000	54.065948	-0.386872
105.000000	54.169067	-0.386402
106.000000	54.285503	-0.386136
107.000000	54.398430	-0.385092
108.000000	54.500492	-0.384908
109.000000	54.614944	-0.384642
110.000000	54.732677	-0.383762
111.000000	54.856365	-0.383967
112.000000	54.960758	-0.383066
113.000000	55.092865	-0.382207
114.000000	55.204514	-0.381859
115.000000	55.313114	-0.380959
116.000000	55.428391	-0.380693
117.000000	55.540390	-0.379649
118.000000	55.657993	-0.378442
119.000000	55.780640	-0.377234
120.000000	55.890411	-0.376948
121.000000	56.013287	-0.375720
122.000000	56.130424	-0.375618
123.000000	56.253998	-0.374820
124.000000	56.363770	-0.374063
125.000000	56.491318	-0.373469
126.000000	56.601212	-0.371853
127.000000	56.730633	-0.371136
128.000000	56.855602	-0.369888
129.000000	56.962341	-0.369151
130.000000	57.081120	-0.368926
131.000000	57.214508	-0.367637
132.000000	57.331299	-0.367044
133.000000	57.433006	-0.365059
134.000000	57.561020	-0.364609
135.000000	57.694653	-0.363831
136.000000	57.798935	-0.362317
137.000000	57.923668	-0.362869
138.000000	58.055084	-0.361498
139.000000	58.185539	-0.359391
140.000000	58.315079	-0.359984
141.000000	58.433506	-0.357856
142.000000	58.553574	-0.357876
143.000000	58.669434	-0.356792
144.000000	58.789024	-0.354602
145.000000	58.925449	-0.353620
146.000000	59.031841	-0.352638
147.000000	59.163952	-0.351983
148.000000	59.301434	-0.350980
149.000000	59.426762	-0.349405
150.000000	59.556885	-0.349589
151.000000	59.684654	-0.349384
152.000000	59.822605	-0.348300
153.000000	59.938347	-0.347154
154.000000	60.071854	-0.346867
155.000000	60.196129	-0.346888
156.000000	60.328239	-0.346233
157.000000	60.446198	-0.344207
158.000000	60.563797	-0.344207
159.000000	60.696842	-0.343880
160.000000	60.830936	-0.343286
161.000000	60.954163	-0.341731
162.000000	61.084976	-0.342181
163.000000	61.220592	-0.342079
164.000000	61.340427	-0.341322
165.000000	61.461082	-0.340647
166.000000	61.603943	-0.339480
167.000000	61.746323	-0.339112
168.000000	61.868736	-0.339030
169.000000	61.990082	-0.338314
170.000000	62.116222	-0.338416
171.000000	62.254765	-0.338478
172.000000	62.379620	-0.337823
173.000000	62.528210	-0.337557
174.000000	62.665112	-0.336738
175.000000	62.787750	-0.337454
176.000000	62.917160	-0.337188
177.000000	63.037457	-0.336124
178.000000	63.185699	-0.335961
179.000000	63.330780	-0.335674
180.000000	63.463699	-0.335899
181.000000	63.605515	-0.334876
182.000000	63.729088	-0.335347
183.000000	63.862358	-0.335531
184.000000	64.002533	-0.335347
185.000000	64.136856	-0.334692
186.000000	64.277267	-0.334978
187.000000	64.415443	-0.334733
188.000000	64.541595	-0.334201
189.000000	64.678024	-0.334058
190.000000	64.823921	-0.333178
191.000000	64.939087	-0.333566
192.000000	65.081482	-0.333791
193.000000	65.214157	-0.333648
194.000000	65.359711	-0.333137
195.000000	65.514961	-0.333014
196.000000	65.632111	-0.332564
197.000000	65.762932	-0.333423
198.000000	65.884636	-0.333280
199.000000	66.025734	-0.333219
200.000000	66.174095	-0.332502
201.000000	66.320580	-0.333485
202.000000	66.454208	-0.333648
203.000000	66.594849	-0.333955
204.000000	66.729172	-0.333075
205.000000	66.867004	-0.333321
206.000000	67.011971	-0.333341
207.000000	67.159279	-0.333219
208.000000	67.302025	-0.332871
209.000000	67.427353	-0.333157
210.000000	67.575592	-0.333730
211.000000	67.709442	-0.333976
212.000000	67.849976	-0.334037
213.000000	67.992706	-0.334303
214.000000	68.138496	-0.335224
215.000000	68.285919	-0.334446
216.000000	68.428787	-0.334712
217.000000	68.565918	-0.334733
218.000000	68.709473	-0.335101
219.000000	68.837952	-0.334262
220.000000	68.972633	-0.334958
221.000000	69.127419	-0.335858
222.000000	69.270409	-0.335490
223.000000	69.413269	-0.335817
224.000000	69.543617	-0.336063
225.000000	69.686478	-0.336308
226.000000	69.837746	-0.336349
227.000000	69.976242	-0.336247
228.000000	70.115944	-0.337516
229.000000	70.250122	-0.337516
230.000000	70.398376	-0.337639
231.000000	70.544510	-0.338948
232.000000	70.712448	-0.338764
233.000000	70.837723	-0.338518
234.000000	70.982452	-0.338703
235.000000	71.107262	-0.339030
236.000000	71.255737	-0.339337
237.000000	71.400246	-0.339828
238.000000	71.559387	-0.340503
239.000000	71.698723	-0.340524
240.000000	71.844269	-0.340626
241.000000	71.991936	-0.341301
242.000000	72.133141	-0.340135
243.000000	72.281281	-0.342468
244.000000	72.427765	-0.341833
245.000000	72.577766	-0.342447
246.000000	72.721558	-0.343900
247.000000	72.864998	-0.343962
248.000000	73.009613	-0.344780
249.000000	73.149193	-0.344535
250.000000	73.300957	-0.345128
251.000000	73.448257	-0.346601
252.000000	73.599792	-0.347072
253.000000	73.763496	-0.347522
254.000000	73.906487	-0.347277
255.000000	74.047333	-0.347993
256.000000	74.190430	-0.348218
257.000000	74.342430	-0.349036
258.000000	74.494301	-0.350121
259.000000	74.643723	-0.350592
260.000000	74.794891	-0.351267
261.000000	74.930008	-0.352065
262.000000	75.069122	-0.352065
263.000000	75.217949	-0.353272
264.000000	75.378387	-0.354643
265.000000	75.536598	-0.355421
266.000000	75.693863	-0.357426
267.000000	75.832489	-0.356690
268.000000	75.977470	-0.357876
269.000000	76.126999	-0.358265
270.000000	76.275024	-0.360434
271.000000	76.429825	-0.360803
272.000000	76.579834	-0.361703
273.000000	76.730194	-0.362440
274.000000	76.886284	-0.362583
275.000000	77.035225	-0.363913
276.000000	77.165077	-0.364568
277.000000	77.306763	-0.365202
278.000000	77.472824	-0.365611
279.000000	77.622124	-0.366307
280.000000	77.762283	-0.367637
281.000000	77.921204	-0.369213
282.000000	78.076591	-0.369765
283.000000	78.220963	-0.370604
284.000000	78.368393	-0.372139
285.000000	78.514534	-0.373592
286.000000	78.676956	-0.374063
287.000000	78.831520	-0.374022
288.000000	78.978127	-0.375188
289.000000	79.115845	-0.377030
290.000000	79.264084	-0.378237
291.000000	79.410797	-0.379465
292.000000	79.561859	-0.380058
293.000000	79.728622	-0.382289
294.000000	79.877342	-0.382248
295.000000	80.027527	-0.384928
296.000000	80.182564	-0.386013
297.000000	80.331635	-0.387200
298.000000	80.482452	-0.388571
299.000000	80.635277	-0.388878
300.000000	80.782692	-0.392090
301.000000	80.940338	-0.392152
302.000000	81.084351	-0.393441
303.000000	81.237755	-0.395037
304.000000	81.403854	-0.396470
305.000000	81.554802	-0.398311
306.000000	81.709274	-0.399887
307.000000	81.860687	-0.401381
308.000000	82.018456	-0.402711
309.000000	82.171860	-0.405330
310.000000	82.327621	-0.405432
311.000000	82.483856	-0.407458
312.000000	82.635971	-0.410180
313.000000	82.797020	-0.412328
314.000000	82.956429	-0.414027
315.000000	83.111481	-0.415254
316.000000	83.253609	-0.417076
317.000000	83.420654	-0.418529
318.000000	83.569832	-0.420575
319.000000	83.716309	-0.422294
320.000000	83.879128	-0.424790
321.000000	84.027832	-0.426673
322.000000	84.190422	-0.427409
323.000000	84.326439	-0.429128
324.000000	84.485603	-0.431482
325.000000	84.649834	-0.434162
326.000000	84.797478	-0.436884
327.000000	84.944305	-0.438541
328.000000	85.106056	-0.440526
329.000000	85.268646	-0.441959
330.000000	85.420753	-0.444578
331.000000	85.570526	-0.446379
332.000000	85.731339	-0.447791
333.000000	85.881348	-0.450696
334.000000	86.028053	-0.453438
335.000000	86.186638	-0.454932
336.000000	86.350510	-0.457081
337.000000	86.513214	-0.458943
338.000000	86.661682	-0.460887
339.000000	86.812500	-0.464243
340.000000	86.947227	-0.466596
341.000000	87.106628	-0.467947
342.000000	87.277679	-0.470996
343.000000	87.434486	-0.472305
344.000000	87.600372	-0.474495
345.000000	87.758484	-0.477482
346.000000	87.915771	-0.479774
347.000000	88.055672	-0.482250
348.000000	88.214722	-0.484767
349.000000	88.384224	-0.486445
350.000000	88.543053	-0.490190
351.000000	88.681305	-0.491868
352.000000	88.842468	-0.495346
353.000000	88.998352	-0.497024
354.000000	89.145416	-0.501301
355.000000	89.298820	-0.503941
356.000000	89.463989	-0.506458
357.000000	89.633980	-0.508156
358.000000	89.798790	-0.513067
359.000000	89.943741	-0.515073
360.000000	90.088921	-0.518756
361.000000	90.247055	-0.521764
362.000000	90.417542	-0.524342
363.000000	90.578453	-0.527269
364.000000	90.743973	-0.530420
365.000000	90.901451	-0.533080
366.000000	91.081612	-0.536559
367.000000	91.216896	-0.540017
368.000000	91.381592	-0.543230
369.000000	91.540497	-0.546074
370.000000	91.697968	-0.548652
371.000000	91.864075	-0.552008
372.000000	92.028893	-0.555569
373.000000	92.167938	-0.559129
374.000000	92.333221	-0.562567
375.000000	92.498871	-0.565964
376.000000	92.648674	-0.570384
377.000000	92.807693	-0.573269
378.000000	92.972038	-0.576052
379.000000	93.134598	-0.579613
380.000000	93.301765	-0.582580
381.000000	93.451569	-0.587000
382.000000	93.601738	-0.589537
383.000000	93.775406	-0.593691
384.000000	93.944107	-0.596986
385.000000	94.114120	-0.599237
386.000000	94.270782	-0.603636
387.000000	94.415504	-0.606910
388.000000	94.578300	-0.611719
389.000000	94.740753	-0.614686
390.000000	94.902733	-0.619536
391.000000	95.067535	-0.623363
392.000000	95.219818	-0.626616
393.000000	95.370094	-0.629379
394.000000	95.529243	-0.634781
395.000000	95.693100	-0.638546
396.000000	95.856262	-0.642925
397.000000	96.019302	-0.647591
398.000000	96.186707	-0.651069
399.000000	96.342545	-0.653955
400.000000	96.511360	-0.659500
401.000000	96.662346	-0.663347
402.000000	96.804718	-0.667788
403.000000	96.969055	-0.672903
404.000000	97.145790	-0.678081
405.000000	97.303864	-0.682460
406.000000	97.467384	-0.687452
407.000000	97.623329	-0.692937
408.000000	97.789673	-0.699198
409.000000	97.966660	-0.703107
410.000000	98.117760	-0.706831
411.000000	98.285278	-0.714525
412.000000	98.450333	-0.719170
413.000000	98.615387	-0.726578
414.000000	98.770149	-0.732389
415.000000	98.926811	-0.739203
416.000000	99.076019	-0.745465
417.000000	99.247681	-0.752832
418.000000	99.416275	-0.758582
419.000000	99.582489	-0.765478
420.000000	99.749672	-0.773438
421.000000	99.915550	-0.781623
422.000000	100.077171	-0.790340
423.000000	100.244812	-0.797277
424.000000	100.386238	-0.806772
425.000000	100.537262	-0.814507
426.000000	100.726532	-0.824697
427.000000	100.881592	-0.835175
428.000000	101.035225	-0.843482
429.000000	101.196350	-0.854778
430.000000	101.359009	-0.863864
431.000000	101.523468	-0.874791
432.000000	101.693611	-0.886414
433.000000	101.851166	-0.897852
434.000000	102.013474	-0.910519
435.000000	102.169365	-0.922817
436.000000	102.324890	-0.935238
437.000000	102.498375	-0.949010
438.000000	102.667099	-0.963518
439.000000	102.830231	-0.978149
440.000000	102.982201	-0.994274
441.000000	103.313217	-1.026503
442.000000	103.467819	-1.045267
443.000000	103.618355	-1.063684
444.000000	103.791000	-1.082899
445.000000	103.942024	-1.102052
446.000000	104.110260	-1.123497
447.000000	104.283150	-1.145393
448.000000	104.455673	-1.169375
449.000000	104.598740	-1.194054
450.000000	104.758430	-1.221331
451.000000	104.926788	-1.246439
452.000000	105.075073	-1.274084
453.000000	105.242981	-1.303121
454.000000	105.381744	-1.333222
455.000000	105.544418	-1.366045
456.000000	105.726929	-1.399133
457.000000	105.908958	-1.435107
458.000000	106.038940	-1.470958
459.000000	106.165253	-1.510922
460.000000	106.335754	-1.549679
461.000000	106.496750	-1.590175
462.000000	106.678070	-1.631510
463.000000	106.826485	-1.670922
464.000000	106.979744	-1.713157
465.000000	107.124008	-1.755004
466.000000	107.281555	-1.798959
467.000000	107.456932	-1.842790
468.000000	107.608307	-1.887379
469.000000	107.779282	-1.932479
470.000000	107.925194	-1.978316
471.000000	108.093796	-2.026588
472.000000	108.248985	-2.074349
473.000000	108.417465	-2.123173
474.000000	108.562653	-2.172059
475.000000	108.720337	-2.223114
476.000000	108.861145	-2.272266
477.000000	109.011803	-2.322401
478.000000	109.181709	-2.373906
479.000000	109.343292	-2.423733
480.000000	109.496117	-2.475729
481.000000	109.650574	-2.528606
482.000000	109.803253	-2.579477
483.000000	109.952965	-2.630491
484.000000	110.117172	-2.679970
485.000000	110.287682	-2.729899
486.000000	110.440376	-2.778274
487.000000	110.608765	-2.825953
488.000000	110.761948	-2.873386
489.000000	110.927681	-2.917749
490.000000	111.101059	-2.963505
491.000000	111.248383	-3.003899
492.000000	111.403717	-3.043801
493.000000	111.565033	-3.080328
494.000000	111.725510	-3.112413
495.000000	111.893990	-3.140366
496.000000	112.032478	-3.163223
497.000000	112.208588	-3.180023
498.000000	112.374817	-3.190316
499.000000	112.535164	-3.193877
500.000000	112.704247	-3.189047
501.000000	112.868538	-3.175685
502.000000	113.044075	-3.152214
503.000000	113.225830	-3.113744
504.000000	113.400032	-3.060376
505.000000	113.587616	-2.989125
506.000000	113.768173	-2.896918
507.000000	113.971893	-2.784474
508.000000	114.170616	-2.651281
509.000000	114.373032	-2.507263
510.000000	114.549141	-2.361014
511.000000	114.730896	-2.210857
512.000000	114.917297	-2.059595
513.000000	115.124359	-1.913224
514.000000	115.304321	-1.775488
515.000000	115.508408	-1.643706
516.000000	115.711426	-1.515956
517.000000	115.900215	-1.392606
518.000000	116.080513	-1.279261
519.000000	116.257477	-1.175412
520.000000	116.442345	-1.075225
521.000000	116.659088	-0.980912
522.000000	116.814545	-0.890772
523.000000	116.996162	-0.808163
524.000000	117.161179	-0.731243
525.000000	117.346626	-0.658702
526.000000	117.535767	-0.591072
527.000000	117.696014	-0.524956
528.000000	117.880379	-0.463240
529.000000	118.067146	-0.407642
530.000000	118.254745	-0.352351
531.000000	118.434944	-0.300498
532.000000	118.588470	-0.253413
533.000000	118.764488	-0.208906
534.000000	118.929024	-0.166527
535.000000	119.123314	-0.126707
536.000000	119.298973	-0.087397
537.000000	119.473419	-0.052917
538.000000	119.644165	-0.019297
539.000000	119.836777	0.011869
540.000000	120.012436	0.040844
541.000000	120.188202	0.068776
542.000000	120.365997	0.095828
543.000000	120.537827	0.120363
544.000000	120.713593	0.143650
545.000000	120.879784	0.165545
546.000000	121.057640	0.185906
547.000000	121.228905	0.205489
548.000000	121.417809	0.222841
549.000000	121.582710	0.239785
550.000000	121.740746	0.256953
551.000000	121.914291	0.270766
552.000000	122.088425	0.285438
553.000000	122.262680	0.300130
554.000000	122.445221	0.312612
555.000000	122.621284	0.325054
556.000000	122.781502	0.337004
557.000000	122.942062	0.346949
558.000000	123.116211	0.357508
559.000000	123.299828	0.367371
560.000000	123.471436	0.375741
561.000000	123.648705	0.384355
562.000000	123.813477	0.393625
563.000000	123.981384	0.401299
564.000000	124.161018	0.408174
565.000000	124.353806	0.415377
566.000000	124.501495	0.422826
567.000000	124.672874	0.428371
568.000000	124.847260	0.435840
569.000000	125.021515	0.441242
570.000000	125.193489	0.447054
571.000000	125.349983	0.452640
572.000000	125.516685	0.457449
573.000000	125.690681	0.462565
574.000000	125.858459	0.466862
575.000000	126.042442	0.471446
576.000000	126.217316	0.474679
577.000000	126.386169	0.478424
578.000000	126.558983	0.482373
579.000000	126.714622	0.484194
580.000000	126.894882	0.489862
581.000000	127.067711	0.493505
582.000000	127.245323	0.498927
583.000000	127.413109	0.501424
584.000000	127.590240	0.503143
585.000000	127.765465	0.506233
586.000000	127.923157	0.509384
587.000000	128.092590	0.512331
588.000000	128.268539	0.515093
589.000000	128.441589	0.518736
590.000000	128.621857	0.521846
591.000000	128.787842	0.523340
592.000000	128.969788	0.525059
593.000000	129.131409	0.527964
594.000000	129.295105	0.529847
595.000000	129.491577	0.532425
596.000000	129.655884	0.534922
597.000000	129.816940	0.536129
598.000000	130.001511	0.538687
599.000000	130.154510	0.541777
600.000000	130.332367	0.543209
601.000000	130.496658	0.545685
602.000000	130.652069	0.547261
603.000000	130.817596	0.550249
604.000000	130.973236	0.551824
605.000000	131.155334	0.553870
606.000000	131.332001	0.554648
607.000000	131.494080	0.556265
608.000000	131.662781	0.558147
609.000000	131.854782	0.559600
610.000000	132.035080	0.561749
611.000000	132.206802	0.563590
612.000000	132.371155	0.565391
613.000000	132.535538	0.566742
614.000000	132.709564	0.568113
615.000000	132.899872	0.569136
616.000000	133.069290	0.571714
617.000000	133.218933	0.572328
618.000000	133.386108	0.574640
619.000000	133.547089	0.575929
620.000000	133.736313	0.578017
621.000000	133.892227	0.579695
622.000000	134.057312	0.579715
623.000000	134.232666	0.581455
624.000000	134.399796	0.582928
625.000000	134.586365	0.583276
626.000000	134.745804	0.585874
627.000000	134.920898	0.587389
628.000000	135.083801	0.587777
629.000000	135.261093	0.588535
630.000000	135.451172	0.590417
631.000000	135.620239	0.590704
632.000000	135.767456	0.593118
633.000000	135.924591	0.594674
634.000000	136.116943	0.596536
635.000000	136.305084	0.598971
636.000000	136.462219	0.599441
637.000000	136.641556	0.601672
638.000000	136.811584	0.603043
639.000000	136.975098	0.604107
640.000000	137.163361	0.605212
641.000000	137.313126	0.606071
642.000000	137.480988	0.607340
643.000000	137.655151	0.609141
644.000000	137.824799	0.610369
645.000000	138.005463	0.610532
646.000000	138.181168	0.612620
647.000000	138.360626	0.613622
648.000000	138.507858	0.615443
649.000000	138.683197	0.616712
650.000000	138.865417	0.618226
651.000000	139.031235	0.618922
652.000000	139.203461	0.621091
653.000000	139.379639	0.622258
654.000000	139.534958	0.623936
655.000000	139.710785	0.625163
656.000000	139.883484	0.626657
